# Horizon description file for Carte du Ciel
# 
# File format :
# Azimuth Altitude
#
# Be sure to begin at the North horizon (azimuth 0)
# Intermediate missing value are interpolated
# Mnajdra-1028-1.01+2-2
 
# First line is at Az 0.026 not 0.000
0.00001 8.020
0.072 8.039
10.079 7.659
20.006 7.389
30.084 6.964
35.091 6.866
40.036 6.876
45.035 6.659
50.079 6.514
55.092 6.389
56.069 6.287
57.061 6.281
58.028 6.206
59.022 6.118
60.091 6.020
61.014 6.009
62.028 5.886
63.089 5.862
64.072 5.788
65.017 5.721
66.080 5.648
66.996 5.586
68.016 5.510
69.056 5.460
70.072 5.393
71.020 5.422
72.025 5.359
73.012 5.252
74.047 5.136
75.018 5.044
76.038 4.985
77.041 5.050
78.046 5.042
79.015 4.963
80.034 4.871
81.037 4.797
82.018 4.797
83.045 4.737
84.017 4.733
85.004 4.696
86.003 4.636
87.012 4.591
88.005 4.594
89.002 4.552
90.034 4.489
91.027 4.422
92.019 4.328
92.100 4.328
92.200 4.328
92.300 4.328
92.400 4.328
92.500 4.328
92.601 4.476
92.610 4.465
92.620 4.450
92.630 4.400
92.633 4.389
92.640 4.400
92.650 4.450
92.660 4.470
92.666 4.476
92.700 4.212
92.800 4.212
92.900 4.212
93.000 4.212
93.020 4.212
94.011 4.109
95.002 4.011
95.731 4.052
95.853 4.066
96.044 4.039
96.109 4.037
96.235 4.000
96.232 4.006
96.354 3.981
96.400 3.976
96.469 3.958
96.528 3.960
96.537 3.948
96.607 3.949
96.709 3.913
96.770 3.894
96.816 3.899
96.830 3.911
97.011 3.895
97.071 3.876
97.175 3.868
97.192 3.875
97.221 3.864
97.313 3.858
97.373 3.848
97.712 3.831
98.014 3.596
99.002 3.493
100.017 3.386
101.013 3.241
102.017 3.110
103.003 2.995
104.024 2.838
105.022 2.682
106.020 2.531
107.040 2.371
108.022 2.159
109.012 1.947
109.8221 2.0136
109.8278 2.013
109.8319 2.013
109.8361 2.0111
109.8404 2.011
109.8446 2.0091
109.8488 2.0091
109.8532 2.009
109.8576 2.0089
109.8619 2.0089
109.8664 2.0058
109.8712 2.0052
109.8751 2.0037
109.8794 2.0037
109.8837 2.0036
109.8877 2.0036
109.8915 2.0056
109.8958 2.0055
109.9004 2.0055
109.9044 2.0054
109.9086 2.0053
109.9130 2.0027
109.9178 2.0047
109.9223 2.0046
109.9264 2.0045
109.9311 2.0045
109.9394 2.0004
109.9478 2.0003
109.9566 1.9983
109.9647 1.9941
109.9735 1.9923
109.9816 1.9922
109.9889 1.9902
109.9903 1.9908
109.9986 1.9907
110.0074 1.9898
110.0152 1.9897
110.0240 1.9887
110.0323 1.988
110.0413 1.984
110.0659 1.9784
110.0920 1.9755
110.1182 1.9683
110.1431 1.9617
110.1679 1.9586
110.1933 1.9518
110.2188 1.9518
110.2439 1.9515
110.2682 1.9532
110.2949 1.9415
110.3791 1.9138
110.4733 1.9021
110.5461 1.8741
110.6305 1.8626
110.7156 1.8492
110.8001 1.826
110.8816 1.8124
110.9635 1.7862
111.0479 1.7696
111.1328 1.7588
111.2236 1.7235
111.3066 1.714
111.3907 1.6967
111.4711 1.6813
111.5478 1.657
111.6284 1.633
111.7114 1.6294
111.7946 1.594
111.8681 1.5813
111.8858 1.5809
111.9670 1.5629
112.0507 1.5592
112.2143 1.542
112.3709 1.538
112.5330 1.5425
112.6969 1.5256
112.8600 1.5314
113.0199 1.5223
113.1846 1.5174
113.3463 1.5011
113.4753 1.5035
113.6359 1.4912
113.7953 1.5054
113.9551 1.5174
113.9887 1.494
114.1054 1.4779
114.1157 1.48
114.2897 1.5197
114.4415 1.5133
114.5957 1.4414
114.7394 1.4527
114.8925 1.4489
115.0537 1.3738
115.2099 1.2985
115.3709 1.2454
115.5271 1.2263
115.7570 1.1697
115.9881 0.312
116.0592 0.3175
116.1566 0.3226
116.2538 0.3312
116.3504 0.3302
116.4649 0.3176
116.5438 0.3304
116.6575 0.3606
116.7445 0.3573
116.8491 0.3242
116.9456 0.2956
116.9734 0.3067
116.9758 0.3067
117.0590 0.3021
117.1541 0.3234
117.2408 0.2725
117.3446 0.2333
117.4491 0.1765
117.5445 0.1412
117.6537 0.1097
117.6572 0.1098
117.7509 0.0834
117.7555 0.0834
117.7579 0.0804
117.7580 0.0804
117.8435 0.0699
117.8663 0.067
117.9461 0.0342
118.0407 0.0088
118.1494 -0.0194
118.2513 -0.0449
118.3470 -0.0731
118.4454 -0.0854
118.5147 -0.0976
118.5486 -0.099
118.5732 -0.1034
118.6297 -0.1124
118.6322 -0.1137
118.6516 -0.1198
118.7508 -0.1505
118.8591 -0.1627
118.9277 -0.1703
118.9303 -0.1704
118.9596 -0.1749
119.0433 -0.1794
119.0584 -0.1795
119.0610 -0.1794
119.1436 -0.1848
119.2230 -0.1949
119.2255 -0.1949
119.2436 -0.1949
119.3434 -0.214
119.4526 -0.2436
119.5404 -0.2659
119.5430 -0.2659
119.5495 -0.2674
119.5900 -0.2751
119.6293 -0.2871
119.6487 -0.2901
119.7477 -0.3013
119.8588 -0.284
119.9479 -0.3316
120.0503 -0.3846
120.1542 -0.3865
120.2456 -0.4125
120.3466 -0.4271
120.4576 -0.4393
120.5454 -0.4603
120.6492 -0.48
120.7042 -0.48
120.7496 -0.48
120.7762 -0.48
120.8174 -0.48
120.8529 -0.48
120.9012 -0.48
120.9495 -0.48
121.0558 -0.48
121.1485 -0.48
121.2445 -0.48
121.3502 -0.48
121.4458 -0.48
121.5452 -0.48
121.6465 -0.48
121.7555 -0.48
121.8563 -0.48
121.9452 -0.48
122.0513 -0.48
122.1598 -0.48
122.2496 -0.48
122.3491 -0.48
122.3961 -0.48
122.4584 -0.48
122.5518 -0.48
122.6551 -0.48
122.7582 -0.48
122.8564 -0.48
122.9543 -0.48
123.0467 -0.48
123.5006 -0.48
124.0000 -0.48
124.5097 -0.48
124.9984 -0.48
125.5043 -0.48
125.9966 -0.48
126.4909 -0.48
130.269 -0.48
135.068 -0.48
140.301 -0.48
145.072 -0.48
150.157 -0.48
155.046 -0.48
160.065 -0.48
165.109 -0.48
170.214 -0.48
175.215 -0.48
180.077 -0.48
185.194 -0.48
190.217 -0.48
195.163 -0.48
200.621 -0.48
205.327 -0.48
207.518 -0.48
208.012 -0.48
210.203 -0.48
220.469 -0.48
230.314 -0.48
240.335 -0.48
250.244 -0.48
260.327 -0.48
265.139 -0.48
270.100 -0.48
275.069 -0.48
280.066 -0.48
282.035 0.433
285.022 1.182
287.023 1.676
290.003 2.763
295.043 4.561
300.039 5.776
305.194 6.669
310.022 7.401
315.054 7.897
320.006 8.320
325.063 8.639
330.036 8.838
335.016 8.964
340.031 8.946
345.097 8.679
350.033 8.541