# Horizon description file for Carte du Ciel
# 
# File format :
# Azimuth Altitude
#
# Be sure to begin at the North horizon (azimuth 0)
# Intermediate missing value are interpolated
# Mnajdra-1011-1.54
 
# First line is at Az 0.026 not 0.000
0.00001 8.020
0.072 8.039
10.079 7.659
20.006 7.389
30.084 6.964
35.091 6.866
40.036 6.876
45.035 6.659
50.079 6.514
55.092 6.389
56.069 6.287
57.061 6.281
58.028 6.206
59.022 6.118
60.091 6.020
61.014 6.009
62.028 5.886
63.089 5.862
64.072 5.788
65.017 5.721
66.080 5.648
66.996 5.586
68.016 5.510
69.056 5.460
70.072 5.393
71.020 5.422
72.025 5.359
73.012 5.252
74.047 5.136
75.018 5.044
76.038 4.985
77.041 5.050
78.046 5.042
79.015 4.963
80.034 4.871
81.037 4.797
82.018 4.797
83.045 4.737
84.017 4.733
85.004 4.696
86.003 4.636
87.012 4.591
88.005 4.594
89.002 4.552
90.034 4.489
91.027 4.422
92.019 4.328
92.100 4.328
92.200 4.328
92.300 4.328
92.400 4.328
92.500 4.328
92.700 4.212
92.800 4.212
92.900 4.212
93.000 4.212
93.020 4.212
94.011 4.109
95.002 4.011
95.731 4.052
95.853 4.066
96.044 4.039
96.109 4.037
96.235 4.000
96.232 4.006
96.354 3.981
96.400 3.976
96.469 3.958
96.528 3.960
96.537 3.948
96.607 3.949
96.709 3.913
96.770 3.894
96.816 3.899
96.830 3.911
97.011 3.895
97.071 3.876
97.175 3.868
97.192 3.875
97.221 3.864
97.313 3.858
97.373 3.848
97.712 3.831
98.014 3.596
99.002 3.493
100.017 3.386
101.013 3.241
102.017 3.110
103.003 2.995
104.024 2.838
105.022 2.682
106.020 2.531
107.040 2.371
108.022 2.159
109.012 1.947
109.8221 2.0136
109.8278 2.013
109.8319 2.013
109.8361 2.0111
109.8404 2.011
109.8446 2.0091
109.8488 2.0091
109.8532 2.009
109.8576 2.0089
109.8619 2.0089
109.8664 2.0058
109.8712 2.0052
109.8751 2.0037
109.8794 2.0037
109.8837 2.0036
109.8877 2.0036
109.8915 2.0056
109.8958 2.0055
109.9004 2.0055
109.9044 2.0054
109.9086 2.0053
109.9130 2.0027
109.9178 2.0047
109.9223 2.0046
109.9264 2.0045
109.9311 2.0045
109.9394 2.0004
109.9478 2.0003
109.9566 1.9983
109.9647 1.9941
109.9735 1.9923
109.9816 1.9922
109.9889 1.9902
109.9903 1.9908
109.9986 1.9907
110.0074 1.9898
110.0152 1.9897
110.0240 1.9887
110.0323 1.988
110.0413 1.984
110.0659 1.9784
110.0920 1.9755
110.1182 1.9683
110.1431 1.9617
110.1679 1.9586
110.1933 1.9518
110.2188 1.9518
110.2439 1.9515
110.2682 1.9532
110.2949 1.9415
110.3791 1.9138
110.4733 1.9021
110.5461 1.8741
110.6305 1.8626
110.7156 1.8492
110.8001 1.826
110.8816 1.8124
110.9635 1.7862
111.0479 1.7696
111.1328 1.7588
111.2236 1.7235
111.3066 1.714
111.3907 1.6967
111.4711 1.6813
111.5478 1.657
111.6284 1.633
111.7114 1.6294
111.7946 1.594
111.8681 1.5813
111.8858 1.5809
111.9670 1.5629
112.0507 1.5592
112.2143 1.542
112.3709 1.538
112.5330 1.5425
112.6969 1.5256
112.8600 1.5314
113.0199 1.5223
113.1846 1.5174
113.3463 1.5011
113.4753 1.5035
113.6359 1.4912
113.7953 1.5054
113.9551 1.5174
113.9887 1.494
114.1054 1.4779
114.1157 1.48
114.2897 1.5197
114.4415 1.5133
114.5957 1.4414
114.7394 1.4527
114.8925 1.4489
115.0537 1.3738
115.2099 1.2985
115.3709 1.2454
115.5271 1.2263
115.7570 1.1697
115.9980 1.0999
116.2206 1.036
116.4571 0.9715
116.6879 0.9589
116.9075 0.9437
116.9488 0.9339
117.1362 0.9036
117.3511 0.8535
117.5688 0.8304
117.8084 0.7413
118.0238 0.7075
118.2203 0.6778
118.2444 0.679
118.3230 0.6563
118.4758 0.5798
118.7031 0.5462
118.9228 0.5052
119.1483 0.4428
119.3733 0.3951
119.4212 0.3885
119.5000 0.3834
119.5100 0.3811
119.5200 0.3803
119.5300 0.38
119.5400 0.3796
119.5500 0.378
119.5600 0.3781
119.5700 0.3781
119.5703 0.3781
119.5929 0.3736
119.6000 0.3709
119.6100 0.3707
119.6200 0.3693
119.6300 0.369
119.6400 0.3689
119.6500 0.3688
119.6600 0.3674
119.6700 0.3673
119.6800 0.3644
119.6900 0.3659
119.7000 0.3658
119.7100 0.362
119.7200 0.362
119.7300 0.3612
119.7400 0.3588
119.7500 0.3567
119.7600 0.3556
119.7700 0.3526
119.7800 0.3509
119.7853 0.3507
119.7900 0.3493
119.8000 0.3493
119.8100 0.3446
119.8200 0.3445
119.8300 0.3398
119.8400 0.3398
119.8500 0.3398
119.8600 0.3397
119.8700 0.3366
119.8800 0.3366
119.8900 0.3351
119.9000 0.3334
119.9100 0.3303
119.9200 0.3302
119.9300 0.3269
119.9400 0.3255
119.9500 0.3225
119.9600 0.3185
119.9700 0.3155
119.9800 0.3153
119.9853 0.3151
119.9900 0.3142
120.0000 0.3121
120.0100 0.3091
120.0200 0.3074
120.0300 0.3031
120.0400 0.3001
120.0500 0.2984
120.0600 0.2951
120.0700 0.291
120.0800 0.2889
120.0900 0.2824
120.1000 0.2801
120.1100 0.2777
120.1150 0.2739
120.1190 0.2739
120.1200 0.2741
120.1300 0.2731
120.1400 0.2721
120.1500 0.2692
120.1600 0.2691
120.1700 0.2631
120.1800 0.2599
120.1900 0.2563
120.2000 0.2541
120.2011 0.2542
120.2100 0.252
120.2200 0.2507
120.2300 0.2506
120.2400 0.2506
120.2500 0.2491
120.2600 0.2459
120.2700 0.2459
120.2800 0.2397
120.2900 0.2379
120.3000 0.2344
120.4252 0.2089
120.6546 0.187
120.8532 0.1638
121.0221 0.1258
121.1825 0.1147
121.3809 0.0838
121.5645 0.0471
121.6861 0.0239
121.7705 0.0113
121.8386 0.0084
121.9099 0.0019
121.9772 -0.0078
122.0316 0.0003
122.1003 -0.0177
122.2038 -0.0327
122.3007 -0.0503
122.4008 -0.0825
122.5006 -0.1184
122.6004 -0.1495
122.7002 -0.1616
122.8007 -0.1731
122.9012 -0.1827
123.0015 -0.2081
123.1007 -0.223
123.2006 -0.2521
123.3008 -0.2658
123.4001 -0.262
123.5007 -0.272
123.6005 -0.272
123.7005 -0.272
123.8004 -0.272
123.9003 -0.272
124.0006 -0.272
125.059 -0.272
130.269 -0.272
135.068 -0.272
140.301 -0.272
145.072 -0.272
150.157 -0.272
155.046 -0.272
160.065 -0.272
165.109 -0.272
170.214 -0.272
175.215 -0.272
180.077 -0.272
185.194 -0.272
190.217 -0.272
195.163 -0.272
200.621 -0.272
205.327 -0.272
207.518 -0.272
208.012 -0.272
210.203 -0.272
220.469 -0.272
230.314 -0.272
240.335 -0.272
250.244 -0.272
260.327 -0.272
265.139 -0.272
270.100 -0.272
275.069 -0.272
280.066 -0.272
282.035 0.433
285.022 1.182
287.023 1.676
290.003 2.763
295.043 4.561
300.039 5.776
305.194 6.669
310.022 7.401
315.054 7.897
320.006 8.320
325.063 8.639
330.036 8.838
335.016 8.964
340.031 8.946
345.097 8.679
350.033 8.541